100 930.2433093187404
300 2250.5189244061344
500 2780.6337093977586
700 2400.443674725081
900 1691.1713667873591
1100 4281.451031132923
1300 4574.659203708227
1500 5007.847173012803
1700 5452.348461079133
1900 4976.903301795166
2100 7082.530978686654
2300 6511.441148988993
2500 4139.271534226551
2700 3793.1010267601423
2900 6186.320498433348
3100 4029.7700957029047
3300 4955.457376425593
3500 5190.2280262960685
3700 4702.139836479144
3900 4656.735037253719
4100 16631.566388133855
4300 14382.550990602133
4500 10978.416529070822
4700 11159.027076410475
4900 12878.219706738599
5100 10663.66420156325
5300 14071.197795805008
5500 13013.80855091943
5700 12808.904206722891
5900 8667.286064636906
6100 13347.505630523438
6300 14164.149681204934
6500 9712.58771476603
6700 12818.091012197237
6900 11340.734254386962
7100 14121.84596218676
7300 10289.81772087346
7500 9917.623110544455
7700 9242.286574859352
7900 7473.810436775195
8100 14530.488511014799
8300 10498.635104067853
8500 10976.015375492325
8700 11881.082909861121
8900 12526.652855916891
9100 13622.149159606604
9300 10258.629621715383
9500 10030.962461382933
9700 13890.502850319022
9900 7853.751083721558
