0.0
169.05756310826703
707.2330351169865
1113.6694385148953
1448.6726498441067
1788.6152795570106
2040.4346386982934
2289.235748279476
2492.8437891920657
2683.252284304935
2852.560266688838
3028.1487777955576
3203.970178874585
3374.1810722057667
3540.6735083000863
3685.1444399367406
3858.904079859715
4018.2144396533263
4171.922347503376
4328.428573589647
4470.572899209089
4596.857751174848
4714.924773663817
4837.791107318746
4964.118990461657
5076.607151539742
5187.092729697056
5294.089256980066
5409.150777572786
5514.875552343884
5623.613924589211
5712.37973155889
5805.870713659189
5912.174719380877
6009.510181679314
6101.423061806209
6197.069819825563
6299.244803570243
6412.203262743774
6538.417426501525
6648.198477351212
6752.485232379798
6854.768958952708
6954.38306242123
7050.715356777373
7146.2901682843085
7242.74235153565
7349.31313154909
7452.288419081012
7544.804646012431
7635.272378740647
7728.26412078299
7819.07975507161
7910.233901063267
8002.462738590565
8094.415334140884
8178.851418094988
8264.822624952156
8352.4992445185
8435.285087570255
8516.887254707168
8603.210232473135
8681.669566325367
8769.401367695
8865.56849442769
8959.16562293981
9049.786284952834
9132.302760688357
9203.709082618892
9280.779100464551
9359.765347199931
9437.108343916489
9518.914039063719
9615.026441605276
9710.72336089926
9789.879821192755
9859.460645588577
9919.898583149472
9994.420437458806
10072.697088946827
10157.30007437125
10242.692019011603
10322.623127844638
10392.202336805005
10461.177906017423
10528.066431973984
10595.034726213908
10669.15411976326
10743.013544377323
10823.532630393347
10897.927751739995
10970.993393586099
11039.032337592269
11116.579237232552
11192.592307755269
11265.421716862073
11341.022081623822
11417.20089533741
11491.389778933588
11562.539707066266
11637.50495629244
11718.069001259826
11802.306293963224
11884.022224337581
11962.235394296693
12032.38347069829
12106.096480355265
12179.291739560496
12253.457093518176
12322.410408127602
12389.819265692651
12456.200154395798
12518.863104430848
12585.527417587437
12655.462925980277
12727.816223415412
12796.481339273598
12865.84349600777
12941.080108979899
13014.183783346705
13082.255550767562
13142.926245890849
13196.47792551512
13246.9405108163
13300.365980515833
13358.694150384728
13423.15681104418
13490.67388306073
13558.706232390425
13627.519685601885
13693.87013380903
13759.864802144677
13822.986273932189
13887.192925860834
13952.528734863592
14022.4383849564
14093.812806929076
14164.104440075242
14234.371428323218
14301.625260372537
14365.141473495974
14424.63942622526
14481.857897132002
14544.195947924256
14606.093016552773
14673.159463708875
14741.280406872467
14811.46679326422
14882.741858326972
14953.433668269992
15025.423349244746
15088.194594668455
15152.896607878361
15218.444806243473
15282.187277326504
15345.394000546397
15407.702672057494
15466.171450990529
15526.900647606299
15587.891244193037
15652.1334592968
15715.161016695933
15780.062211453847
15846.402946290647
15911.908107650564
15976.063989301152
16040.71650217897
16105.752589722428
16166.656613714693
16226.190027016124
16279.725268619279
16332.805696771711
16388.255047508617
16448.613187444753
16506.361481433876
16566.837322452535
16629.40130875221
16691.430020623367
16752.08302892265
16815.65038683457
16881.12916538505
16945.7378672691
17010.21313183504
17071.508449304474
17132.339550741784
17190.86929181314
17247.126862838668
17302.09913595574
17358.72070560046
17412.599791115867
17462.641168295264
17511.337438036222
17561.45282111423
17612.1653466269
17666.80224906611
17725.28709819112
17782.59572421536
17840.853212698916
17902.100826968217
17961.195201174338
18014.366722597402
18067.756886420633
18121.095653924604
18172.28051590178
18225.71874262665
18283.93298202757
18343.115274330317
18403.244664195885
18462.09033774575
18518.43680385893
18570.991971476797
18622.998677846947
18677.48401948001
18729.31923704172
18784.049859207094
18836.1094495788
18889.816133624303
18948.996086594885
19008.468374667395
19065.315574729437
19120.677584875215
19176.40445443836
19229.95060329339
19281.942832776105
19334.256419848673
19387.93483049246
19440.133118524733
19492.050060823938
19545.5659147721
19599.84292786541
19653.52606599404
19713.151390056297
19770.68187752731
19829.228828971532
19885.9984806178
19939.634584961736
19990.379853274408
20039.312044466693
20088.00789716242
20138.203214178306
20189.11694808454
20240.51015420109
20291.539073211028
20344.601610143767
20397.556670317532
20448.65381271395
20502.531953590347
20554.26694412811
20607.024688016085
20659.129165592098
20708.82147666415
20756.38165340766
20804.62448631059
20852.55069199093
20902.60151167761
20954.997645171574
21009.22845543445
21062.94458303787
21115.56496862899
21169.687210632994
21224.492821332482
21279.784843343994
21335.526051969977
21387.380684498905
21437.636736400218
21487.756689768503
21539.41011453484
21588.871768311612
21636.193155860732
21687.38376228969
21737.469764700854
21788.672051269932
21839.193015104836
21889.36611406791
21943.858178468457
21996.300280335225
22050.145292791498
22104.076582333237
22157.59702884309
22209.763372685997
22259.794644798534
22303.704849447025
22350.19903118159
22398.614702965504
22445.870108126626
22493.855062496736
22543.42409601735
22591.428903216427
22635.71888484253
22682.310452545797
22728.143036795962
22774.84405985531
22822.86296969488
22872.915388015455
22921.008490354976
22968.53604349194
23014.778471652993
23063.180591481356
23110.483362788316
23156.09698043741
23200.89509316086
23248.076392184634
23295.33118752045
23344.984094120155
23391.53990515621
23439.32505409917
23490.203623090016
23540.731947978926
23592.6092309811
23643.357796951266
23691.254012218946
23737.702182203386
23785.100494926493
23835.214820510268
23882.456321353377
23930.44094878341
23979.211073951148
24022.326249926722
24064.676559315336
24107.589742936958
24151.32719299162
24195.104860563602
24237.268383232025
24281.62087933201
24327.32479796141
24370.832296826782
24415.3684462688
24460.10822987624
24503.482494276544
24546.862184032965
24593.11008311219
24636.90182754564
24681.68705102817
24727.392943929568
24774.940933297068
24824.409374703035
24872.33557250989
24922.99525084798
24976.837700287047
25028.203449500015
25078.645217174926
25129.047926718275
25179.963091519883
25230.83170519228
25281.05888071709
25334.28153924627
25386.282577696813
25436.02186838317
25486.05378328817
25534.979892903757
25583.921137024347
25631.633487566265
25680.17807682389
25728.350266237343
25777.342211569714
25827.306861627356
25875.40290540423
25922.30362384807
25969.566070358575
26018.37339700389
26068.324911391406
26115.595800141455
26164.021606928396
26213.773661004
26259.898287709526
26304.64363108023
26350.00958616904
26393.703139660083
26436.743250129075
26479.457351290865
26523.459484331972
26568.13463994086
26612.92887677355
26657.85169441117
26702.29831209607
26746.9259444891
26792.832127326743
26838.91842779855
26886.942647178847
26934.67821862169
26982.321187501697
27030.349500101296
27079.244736364195
27127.001218639638
27173.288699326426
27218.821862838297
27264.564854070206
27312.818474691085
27359.974039377605
27409.646464243808
27459.61993819011
27510.497600689017
27560.109703013226
27608.067750729497
27656.59442419524
27703.83000268199
27749.5958970007
27794.023799592527
27839.427990677963
27882.161789876176
27924.49924918324
27965.060277556437
28006.465140884597
28050.096218172195
28095.69319269671
28141.938875680484
28189.68518190604
28237.395061926247
28284.80661123445
28331.74340659733
28372.61701126103
28414.211776345357
28455.454219933432
28495.400125828335
28535.94537702591
28576.626220312435
28618.391197628458
28660.557745154496
28703.164736029557
28744.747630446
28787.200541160288
28829.376248007968
28871.391524597526
28911.68625790896
28953.3905569818
28995.61608293516
29038.90818379748
29082.223492603494
29125.70425671016
29168.952278514163
29212.80765929443
29256.459517474574
29300.33447757647
29344.9138387995
29390.54794730639
29434.35066387117
29480.68773781671
29526.778733299918
29570.469075243895
29614.090256660205
29657.440851263676
29702.04255807057
29743.558316099286
29786.76184375109
29829.656999819
29873.985333866432
29917.651957695274
29962.03996432758
30009.23530071822
30056.939261552256
30106.526412807787
30153.456431615916
30200.411506727145
30245.44064331616
30289.858523183782
30334.71341363518
30375.181055019682
30414.703646843747
30455.35084719576
30496.515149951636
30538.551848755633
30581.238767845247
30623.57212759136
30667.744278909955
30709.577939826897
30751.69452233656
30790.292997756314
30829.595588303033
30868.596463547856
30908.382411520044
30948.162647453577
30990.424462978724
31033.5577244022
31076.66569671575
31120.173685760215
31163.030559133837
31206.094476467086
31248.623291505926
31290.002818965782
31332.328682602852
31371.39470006525
31409.91056396391
31446.665490707637
31484.277974896333
31522.97661346097
31561.163691753365
31601.826752131787
31644.1351094419
31687.337678307147
31730.726147463465
31773.915017548446
31815.728354763905
31856.654220055832
31899.742268245813
31943.205563891588
31987.003940414223
32032.550890329247
32076.941291599516
32123.094655389064
32167.466240720485
32213.439926993673
32260.576482846736
32309.406355958392
32356.555280102344
32403.004180794574
32447.00321934768
32491.5276752343
32534.255494508157
32577.281326100478
32619.650817427493
32660.628631178915
32702.92443380196
32745.046091551172
32786.51914528855
32827.47634658366
32868.0807709391
32909.430248899065
32950.05977901512
32987.98144288689
33025.275492001834
33062.68501176043
33099.2950248127
33136.69736703678
33174.594792187854
33213.4099445413
33254.63579516287
33295.77952600299
33336.80052363237
33376.39891265132
33415.327441173846
33455.01077523374
33494.02264074545
33534.156071578574
33575.248562312154
33616.74966225681
33656.59826720534
33696.404053147526
33737.192205867694
33777.11924763967
33817.188221550605
33856.32944082142
33893.89289034701
33932.15379569697
33970.173941949535
34009.84549544727
34048.105508185305
34085.77479502941
34123.799220459936
34164.11215064831
34204.68454934414
34243.894016312144
34283.483943559695
34320.86706509631
34358.25018663293
34394.629324972404
34428.72315282698
34461.013459573725
34494.11493821564
34526.48640596739
34558.852505676514
34591.184826541314
34623.62870153753
34656.87554064031
34691.232707923045
34725.093440183904
34758.98771712212
34793.27575743893
34829.61644672574
34864.745554077395
34898.97085959025
34932.74542370573
34966.04018698202
34997.37657793263
35028.246263760666
35059.80889450351
35090.690124470755
35120.608327380956
35152.69552593941
35185.07111288418
35219.0221233359
35253.21261002968
35288.715617061156
35324.141580206604
35359.632059830874
35397.06830801123
35435.90544633816
35475.77413750119
35516.20287083427
35555.87216997954
35595.3917617433
35634.15651390068
35673.29916180509
35711.00174499802
35748.83441500352
35788.36536975644
35827.94288429379
35866.60146114654
35905.39411986087
35943.773103385916
35981.3019447682
36018.86306618043
36056.78076844907
36094.38277371376
36133.317525183076
36171.98063217067
36211.44481686065
36251.403896946314
36291.96632998064
36332.94873920821
36373.8557816857
36413.93897909092
36454.26233831065
36493.46325550278
36533.31303582609
36571.92858758795
36610.6620107714
36648.760195485986
36684.71273412536
36721.11311773273
36758.87912456252
36794.266227926826
36830.0116873193
36865.87899323784
36900.932322926725
36935.92509888265
36969.41486609981
37003.62445582727
37039.248126029175
37075.44388274243
37111.10448640473
37146.08876740576
37180.65932997
37214.734121386806
37247.36776225488
37280.10838043913
37312.59730813705
37345.188742082915
37377.72490051801
37411.19980672718
37445.508821870004
37481.297750203565
37517.64496656385
37554.05223623743
37590.20758541648
37626.955378350365
37663.670734102205
37701.832132048396
37739.83195060043
37777.95019609311
37814.96804499896
37851.30174876731
37887.63545253563
37926.43197125919
37962.22558939018
37997.42307200826
38031.49566361771
38065.497412249744
38098.39645564006
38130.93925319655
38163.885832087006
38196.88629115608
38230.57306383873
38264.817095636725
38299.27777022085
38333.95101765296
38368.42125233612
38404.27218634027
38440.04416846379
38476.05098766883
38512.3111149457
38549.4859981194
38587.68757492001
38625.64306659706
38664.6767961246
38704.09028935293
38743.81990358733
38783.16951144934
38823.64529067228
38865.27400092943
38906.01622350652
38947.454035594594
38986.90432762384
39027.69851938208
39068.53261359427
39109.35319427977
39149.883049033466
39192.22004021463
39233.156948291806
39273.651357461786
39313.919527572296
39351.77284413092
39388.188533451306
39425.703891781646
39465.427336309374
39505.54590835764
39546.64838076893
39587.636108201594
39628.39734059721
39667.212021006824
39706.69715315111
39745.85031475489
39784.60783945363
39822.326785273646
39858.64726071484
39896.76498244249
39935.415647197115
39972.981036725636
40012.10418741488
40050.477758546156
40089.50010170123
40128.35001714408
40166.14150796953
40204.32679049932
40242.77409687308
40280.75883500882
40318.50863005012
40354.617909414315
40390.74270046767
40426.57579739795
40461.83097931525
40498.369269680734
40533.48393176225
40569.8782908846
40608.05142069008
40646.38718253712
40685.546725314074
40725.72170055404
40766.57114932755
40806.69690710994
40846.26769874796
40885.93727839885
40926.371305668974
40966.61945167214
41006.18160719517
41046.55542730764
41086.283381931724
41127.0225491258
41165.95067151921
41206.09242855679
41246.234185594425
41286.47501737211
41324.92008170908
41365.17873835681
41406.129159554315
41447.14046037579
41488.94933923125
41529.692067995384
41568.89069239843
41606.98034376379
41645.25136397431
41683.41120255042
41722.0083333974
41759.61453927823
41796.75540767462
41833.3262338107
41869.202473164194
41903.93400991998
41939.21347541041
41973.60589921753
42007.84651160643
42041.24414195012
42074.03444259616
42107.01115493862
42139.67798936996
42172.55283571751
42205.89790884755
42239.68763694477
42273.060201081
42306.577600050005
42340.31482264577
42374.596603329475
42408.958989938765
42443.266646015596
42476.56114788292
42511.011886878536
42545.85984766329
42580.54997087183
42615.54914670363
42650.52625688855
42685.03662107014
42719.57917761813
42754.428851335346
42789.26904913002
42824.83665078376
42860.72095778808
42895.50192049001
42929.85594343909
42963.26851021283
42996.927032408785
43030.99455401412
43064.63808450426
43099.986134237624
43136.039579827535
43172.37460027295
43208.126780743565
43242.44669954048
43276.73155136058
43311.99366205497
43348.56598744663
43383.171207657586
43418.39460010917
43453.818730114435
43490.11594938997
43527.35724133553
43564.1806491977
43601.75815887665
43639.87624461732
43677.624945613716
43715.011873837386
43751.953899891974
43789.03267866225
43825.05966695172
43861.67866204482
43897.72204574499
43934.19205975455
43969.36858827456
44004.87677845114
44040.736120937116
44076.61481638357
44110.89995819874
44144.38155047419
44177.164335623915
44210.40580244479
44243.69829035288
44277.67864744725
44312.79466742587
44347.58406197118
44381.88606835477
44416.117916747
44451.59315061556
44487.068384484075
44523.68935969236
44560.3693963531
44596.62363889175
44633.31629726483
44670.051183665455
44707.10318780849
44743.47762842444
44777.757656341826
44811.826021183675
44846.706050614965
44881.20879062001
44915.15196450965
44949.641056603235
44983.97633262672
45017.866522647244
45050.1573193567
45082.95234245738
45115.82552733699
45149.73273207512
45183.34974498674
45215.91786499675
45248.152061839
45281.62058300626
45315.15071910321
45347.72897124964
45379.54648660541
45412.4240353895
45444.12875241099
45476.46434203107
45508.40154330187
45540.86796025499
45572.558095220294
45604.64624034236
45636.37611555962
45667.26160125298
45698.891332400766
45730.52106354853
45762.224857338806
45792.62846597793
45823.32825415912
45853.43517260798
45883.98541515059
45914.27639018036
45943.40941488274
45972.90477947209
46001.48568426478
46029.103964292466
46058.42100995941
46089.032572885124
46119.30251872408
46149.19768071675
46178.29536908504
46207.052795026095
46236.68033177175
46265.87693769815
46295.10896630771
46325.34490329533
46354.83697244597
46384.24305864964
46413.313157570476
46442.379830225436
46472.14388207432
46502.61428556906
46533.8351043285
46565.331553431504
46595.92537870512
46625.94877642769
46656.84448648026
46687.92552009539
46719.006553710555
46749.84865704561
46782.346869845824
46815.09361954654
46847.281182585866
46878.082126357665
46908.87516242168
46939.62167293493
46970.8136823224
47002.36457499712
47033.282913285075
47064.09301281083
47096.070798374174
47128.23505083189
47160.935901621764
47193.45338214925
47225.05682919811
47256.50390917605
47287.841261457106
47318.44092735227
47348.74242400225
47379.89559163571
47410.76695089773
47442.71150682405
47475.05033877697
47505.83105952154
47537.48943557928
47569.57402608472
47602.558766076276
47636.73704213737
47671.252206696285
47705.61319845134
47739.9741902064
47774.92915901609
47809.76329219657
47846.277534584464
47882.66029087522
47919.55164849239
47955.19747241235
47991.76688333712
48028.33629426191
48065.52234715
48101.511617334756
48137.40019651648
48173.28877569826
48207.534498958485
48241.34192708617
48276.51725913664
48311.38652215863
48346.32770969229
48379.08158262378
48411.09120007238
48442.739800825715
48474.04569648616
48505.46124577563
48537.465872475615
48569.27725524266
48601.08863800973
48632.7436537058
48663.83202010013
48696.18169585739
48727.00854406194
48757.940204762686
48788.809462710655
48820.02190251523
48851.52765383904
48882.07017772869
48911.725600712045
48943.114774897156
48974.66379911188
49005.899605113285
49037.9630818402
49070.68490567371
49103.40672950723
49136.418745167306
49168.65477261365
49201.150343537694
49231.322343217136
49261.54801660288
49292.0206177432
49322.142760090224
49352.26490243726
49382.19953985073
49412.22297356378
49441.55911867603
49470.79471104053
49499.38338130485
49527.06243754366
49553.66325668973
49580.74180580832
49607.19015821748
49633.81423785827
49660.27742020418
49688.72183986841
49717.547788238706
49747.00706832254
49776.7212310491
49806.43337216431
49836.14551327955
49865.388030613736
49895.121310270755
49924.60874673118
49954.00512144428
49983.46237578137
50012.44822795626
50042.06308128758
50071.68120517919
50101.50740869028
50131.31025078713
50160.86271510663
50189.905659089774
50218.757863403785
50247.44112572674
50275.719079279865
50303.997032833
50331.695150547625
50359.605763547705
50388.495468015295
50417.82663192155
50447.74174122012
50477.65128484977
50508.03501485957
50537.58815416106
50566.72826161261
50596.162304626625
50625.815515770504
50656.35828801515
50686.9010602598
50718.61376681172
50750.326473363646
50782.341262667025
50812.62489054374
50843.514028204314
50874.8199319461
50905.930718152886
50936.27636532111
50966.837595423196
50997.85954026293
51029.108861889144
51061.26674462327
51093.02604635095
51125.32363786014
51158.413413883034
51190.55980580639
51222.01896784008
51253.51273083884
51284.74886580557
51313.31230666286
51340.88412992471
51368.080569760226
51395.31910845171
51423.84346534237
51452.36782223302
51481.35395415354
51509.82333659078
51538.669366142305
51566.60976678627
51594.259975603636
51622.9812665894
51651.93673142532
51681.79739554614
51711.77258038994
51741.77505075112
51771.557313232566
51800.12098382293
51831.13036743181
51862.931374837426
51893.38251656349
51924.03667103849
51954.43292676343
51984.13154126673
52013.425395665836
52043.23382841007
52073.13673297352
52103.2193510456
52133.706252155505
52164.021449031294
52193.849216503295
52223.78523346449
52253.37375209687
52283.44764019293
52312.54572681009
52342.55285900254
52372.00247686375
52401.06859823818
52429.845090831535
52458.621583424865
52487.03482313157
52515.619055517695
52545.12811945255
52575.72057326965
52605.29080397447
52636.09902546678
52667.056948916645
52697.63523100068
52728.87676157284
52761.60297996045
52794.93124903228
52827.48091247894
52861.03889612376
52893.719522437896
52926.44321097274
52959.807733869486
52993.17225676623
53027.580578488305
53061.76266115089
53095.7306259543
53130.02393999998
53163.16443356229
53196.59433332211
53229.68397065483
53262.14210364875
53294.721204152236
53327.199813597705
53359.56844064431
53392.147730131284
53423.08210848985
53454.14199343982
53485.20187838973
53516.28150170043
53546.6311059418
53577.04456698496
53607.48090036407
53639.845851733204
53672.319276990216
53704.516216572
53736.24098411156
53767.90334889832
53799.82920627101
53831.46560191176
53862.2431587445
53893.1990844437
53924.55302029963
53955.906956155566
53987.26089201149
54018.61482786744
54050.06595571153
54081.89917568145
54114.517943112915
54146.76675307717
54179.35686134586
54211.31848875012
54243.78405486887
54276.249620987655
54310.94609771756
54345.02675588872
54378.77943781223
54412.87482482861
54447.13718970634
54481.41775391158
54516.37770494171
54550.85441132065
54585.294222414894
54618.90324614679
54652.25287771346
54685.39115246117
54719.08982355498
54752.67447128108
54786.13920784415
54819.80825205684
54853.04484093673
54886.281429816605
54919.75438073642
54951.95032651867
54982.10501588521
55012.134616010306
55041.669716659286
55072.73372937243
55104.59395899
55135.97469708937
55167.30890963791
55198.64312218647
55231.24753566379
55264.63449341424
55298.8168402461
55333.202960227536
55367.28263393657
55401.37818484755
55435.46670080279
55469.55521675802
55503.649160043205
55539.26925551583
55576.28090733407
55613.29255915232
55650.30421097058
55687.648967010486
55724.93001359642
55762.27675162136
55798.22522799939
55832.87488061349
55867.586935980406
55902.03052383272
55934.927550866545
55967.384649732776
55998.77107738043
56029.11905100826
56059.026539312305
56089.02957567566
56119.032612039024
56148.73351415511
56178.25614264141
56208.17154621893
56237.567377355736
56267.58995325879
56298.179943864896
56328.04690537982
56357.354093100184
56386.456973170985
56415.55985324175
56444.75031178609
56473.940770330475
56503.05221882551
56532.782014021184
56561.48593045643
56590.13052249841
56618.820271328375
56647.44146896656
56676.47401673637
56704.04590728703
56734.043060640295
56764.04021399352
56793.90011766852
56824.4044706839
56854.44660524933
56885.93824480981
56917.429884370256
56949.33643979642
56980.66267411882
57011.98890844126
57042.21328634771
57072.66394042582
57103.468852017744
57133.45867275437
57162.48364872056
57191.53279929604
57219.56023251499
57247.68297183138
57275.351981178355
57302.938243570345
57331.982477566606
57361.23637168403
57391.11919586775
57420.74499370311
57449.71046499614
57480.55037465615
57512.256949111215
57543.31240789546
57574.36786667968
57605.29438481432
57635.26420768162
57665.23403054893
57693.76434149227
57722.941781829366
57752.40712506969
57781.87246831005
57812.22258491654
57842.69150910596
57872.73662036648
57903.02673383186
57933.070440791635
57962.90623844165
57993.242797507606
58021.38930833805
58048.95302854624
58076.76340790973
58105.453047562114
58134.142687214495
58162.020662277486
58191.31951809246
58220.00636174911
58248.83845160284
58276.79601589525
58305.14064743666
58333.438753427254
58361.73685941782
58389.24738305345
58417.10022178221
58445.291550976086
58473.72168863948
58502.946053852866
58532.01405199526
58561.17827217955
58589.30980692352
58617.912488437716
58646.56334023037
58675.45880346358
58704.341092900235
58733.97264979471
58764.41420200238
58794.000454887166
58823.01858843554
58850.74474494364
58878.42559856093
58906.25053891799
58933.86860037625
58962.47117701341
58991.09032004239
59020.04999935005
59049.262784171835
59078.29401593736
59108.1490286327
59138.00404132809
59167.85905402346
59197.59121634686
59226.641631260216
59255.953753806236
59283.98299516161
59311.67118750502
59338.978930156234
59366.337159939016
59394.214681259175
59422.19906774151
59450.273681388666
59478.55851168945
59507.490723530966
59535.49403598352
59563.62297475571
59592.427650315425
59621.25196836166
59650.076286407915
59678.70386243037
59707.56649806899
59736.313596684995
59765.634525978574
59794.05215163698
59822.87699832356
59852.001476075144
59882.526537529266
59912.79909380507
59944.17758120774
59975.532842299894
60006.888103392055
60038.24336448424
60069.0648206614
60100.560680858995
60132.377443323225
60164.50534789836
60196.530942660705
60228.772300282195
60261.69294768303
60295.67609381373
60329.162501991756
60362.59128409219
60396.84037806832
60431.69543092733
60466.61443655336
60502.25914346636
60537.30484929443
60572.08930541455
60608.37078071519
60644.913435583025
60682.05709259994
60719.54279460388
60756.48012760728
60793.09944916149
60829.69493088422
60866.11385296738
60902.102380470285
60937.357227266024
60972.02860596101
61005.99593175766
61040.3503819837
61074.047092025576
61107.89265387947
61141.738215733385
61172.89765162654
61204.470805956524
61236.027138886784
61267.97395972279
61299.90490335682
61331.7968391117
61363.68877486656
61396.17315437623
61427.486260914215
61458.9514487883
61490.74600675391
61521.50328342892
61552.603741960476
61583.70420049207
61614.67305417708
61644.86872082598
61676.56568587885
61708.262650931734
61739.713209479
61770.5524450578
61801.84382808648
61832.06834974869
61861.564534810925
61890.68701161156
61918.561937202074
61946.53867554345
61974.706545142755
62003.864262979274
62033.277800044096
62062.69133710901
62092.21007164072
62121.728806172454
62150.73550717973
62178.6174720104
62206.37167165312
62232.844087043784
62258.92651906223
62285.0089510807
62310.6160248026
62336.22309852454
62361.60766731713
62387.075117878434
62411.9362536984
62436.02756801911
62460.719884488855
62485.75490605151
62510.69778583482
62535.0127762578
62559.028396660775
62583.304756785605
62607.615897708856
62631.92703863206
62657.086720591244
62680.951658471786
62704.816596352306
62729.091933458876
62753.36727056537
62777.42544818912
62801.58138607093
62826.10878201284
62849.985062283886
62874.05475903051
62898.33511821749
62922.61547740448
62946.932192809356
62971.24890821422
62995.54626345847
63020.199218433634
63045.66246923543
63070.54099339622
63095.50699143047
63120.032099087395
63144.55720674433
63169.34301087566
63195.36272755755
63221.81080380957
63248.37127127919
63275.53234259176
63302.693413904366
63330.649771381984
63358.403116110676
63386.15646083934
63414.04522044743
63441.93398005547
63470.19810780631
63497.89909193562
63524.94905510739
63550.83654794077
63576.50001582934
63603.29314783558
63630.34355100579
63658.37887094994
63686.640429953586
63714.901988957194
63743.06191674041
63771.717595879396
63801.37127762977
63830.46806277241
63860.23935265961
63890.182413644055
63920.42510569345
63950.66779774288
63981.04323465306
64012.0111153181
64042.32547205884
64071.80904143722
64101.73712991351
64131.86801105643
64162.72213577737
64193.604711744716
64225.29895230151
64256.73592169433
64289.06208399865
64319.73919317198
64349.48746232311
64379.84226120682
64410.33221647641
64440.15464612567
64470.61269412273
64500.801792734004
64531.32769349387
64563.18304665872
64595.55683942807
64627.47731156696
64659.35125815507
64691.00650650722
64722.6144371229
64753.71199106048
64784.80954499803
64815.95051322877
64846.393185942994
64876.47813593782
64906.76650153913
64936.41962867159
64965.32990025402
64993.71640567825
65022.84947260907
65051.96666233789
65081.29651557122
65110.80934870645
65140.740777524465
65170.065906997035
65199.393117850675
65228.57577322231
65257.58665749662
65286.757744140996
65316.827492448494
65346.34476522194
65376.226062643385
65407.33835608701
65438.26910474459
65469.199853402184
65500.130602059784
65531.06135071738
65561.33425085567
65591.47259548347
65621.72974960136
65652.57163036017
65683.35110836625
65714.13058637232
65745.45143362311
65777.98423591416
65810.51703820519
65843.45345574652
65876.94484137677
65910.2916723192
65944.07338165406
65977.77492293449
66009.45567046046
66039.33104945593
66069.02380614374
66098.2944290944
66127.56505204504
66156.85155219765
66186.76176269582
66216.67197319401
66246.23485850578
66274.81661368348
66303.09623461391
66331.7387026295
66360.00077534677
66388.26284806401
66416.47976399331
66444.69667992259
66473.06837089182
66501.39976246603
66529.73115404016
66558.04915108721
66586.36714813422
66614.84968037684
66643.3322126195
66671.751554263
66699.80089767047
66727.83299511312
66756.9530301749
66784.79062600846
66812.62793951611
66840.8888968292
66868.80714904942
66896.09812635629
66923.67972500659
66951.03341690217
66978.13555863246
67004.91968891356
67031.55926619233
67057.7543243732
67083.70535092328
67109.99955933001
67136.29376773669
67163.45053574406
67190.70785649921
67217.96517725439
67244.77537042019
67271.37894776746
67297.9518896699
67324.24165076892
67352.00340299968
67380.1741546399
67408.7885286051
67437.40290257035
67465.98582519962
67494.56874782889
67523.43426285188
67552.96528765294
67582.49631245402
67612.32196355736
67641.54889590174
67670.77582824606
67699.11522795228
67726.77925651918
67754.44328508615
67782.13159430717
67809.71509103195
67836.76367035281
67863.81224967363
67891.65087632264
67919.48950297158
67948.84450896172
67978.22018538967
68007.59586181771
68037.7459461369
68068.10290935499
68097.57573740698
68127.07764718389
68157.03102882055
68187.41277002727
68218.33110956612
68249.6200673013
68280.56631994357
68311.59807265256
68342.00271160144
68372.40735055036
68402.81198949927
68432.97859741183
68462.98883825343
68493.04162156543
68523.19714068616
68553.09240956695
68582.56352602354
68613.20056458341
68642.87685104326
68672.83675771258
68703.42450642571
68733.71012089163
68763.99573535756
68793.1468804065
68822.29802545541
68850.60841740353
68878.53047070705
68906.5834625115
68935.42499036028
68964.53098236554
68993.63697437075
69022.95854930977
69051.67382490344
69080.38910049705
69109.10437609069
69137.81965168433
69166.52298485726
69195.22631803023
69224.79366715433
69253.89394245725
69283.60135267251
69313.01081627682
69342.42027988107
69372.27811749624
69401.26258665817
69430.13909938392
69458.13316174282
69484.441359574
69512.28751718129
69538.78895265637
69564.83370935207
69590.77061503947
69616.66099517603
69642.70511547348
69668.4312243217
69695.65452527597
69722.87782623024
69750.8996541115
69778.92148199279
69807.08719693785
69834.9484875821
69862.80977822629
69890.83897015556
69918.86816208481
69946.45218769726
69973.7524594467
70000.21450073493
70025.90010150983
70051.16544284091
70077.06228851074
70102.95913418056
70128.8559798504
70154.09249897786
70179.6508384372
70203.84486140616
70227.62988496576
70251.41490852529
70275.33838215428
70299.65368012336
70323.52185050312
70346.97630244604
70369.92598857095
70393.18681680682
70416.46859532704
70439.8885415908
70462.50757923706
70485.1266168834
70507.7456545297
70529.93683543222
70552.12801633475
70574.75041890448
70597.29509032026
70618.8822821518
70641.54899540264
70664.47644837535
70686.95938225013
70710.7220484805
70734.4847147109
70758.24738094123
70781.9635216208
70805.94040202216
70829.82237641694
70853.6318951169
70878.59072875249
70904.22397729925
70929.92336575215
70955.45414747101
70980.98492918989
71007.40654129103
71034.88526825911
71061.9379208749
71089.11421627911
71116.29051168328
71144.06938619046
71172.4834991665
71200.88100484606
71229.52053207369
71258.21057112918
71287.44226279776
71316.06194230793
71344.68162181815
71373.70888882945
71402.44596401422
71429.64944532818
71456.34836805564
71481.88209864545
71507.41582923531
71532.94955982512
71558.97778989105
71584.85776026947
71610.58295560788
71635.80338512834
71661.0238146487
71686.09598448155
71711.1578919845
71735.62735573268
71760.52005136458
71787.08189373357
71813.2159563223
71839.35001891102
71865.7369757524
71892.40492222949
71919.4828487927
71947.20522469636
71975.64421089395
72003.72293961806
72032.17101928082
72060.4473278463
72088.91010645354
72116.83628672858
72143.97199044313
72170.63629199546
72196.90737662693
72221.43279377978
72245.80995124504
72270.18710871034
72294.56426617563
72318.94142364094
72343.52924354655
72368.11706345226
72392.0399015021
72416.1106423715
72440.27514510142
72464.68166937941
72489.0881936574
72513.6925722173
72538.61643350712
72564.15931916494
72590.39452193114
72616.62972469731
72643.27789112985
72669.86571795102
72696.7377070871
72721.84041403326
72747.34865183097
72772.85688962873
72797.74113594562
72821.91853016941
72846.56732655536
72872.34781831558
72898.39862213838
72923.39482339217
72948.22476808865
72972.85040513551
72997.4760421824
73021.70828630381
73045.5938407796
73069.21906443017
73093.31996538732
73117.63644927835
73141.99674500588
73167.02207759698
73192.95408305954
73218.88608852211
73244.05750893835
73269.98096184278
73296.03631752009
73322.38186502393
73347.88438883067
73374.06485645895
73400.5513931157
73426.70563908998
73453.13829476997
73479.12128634803
73505.10427792608
73531.47275750384
73558.09850824559
73584.38824769061
73610.14138880347
73634.95500148246
73659.76861416151
73684.5432180413
73708.21392494813
73731.88463185495
73755.64083882845
73779.39704580203
73802.50223181798
73825.60741783408
73848.37218701252
73871.32120414612
73894.27022127977
73917.76007801766
73940.99622998954
73964.23238196138
73985.97071213333
74007.06527574299
74027.83334082681
74048.60140591062
74069.36947099437
74090.1375360782
74110.90560116197
74131.82844128578
74153.1796409796
74174.7561265649
74195.74016839535
74217.65617062408
74239.71062292218
74261.43184080157
74282.8729587985
74304.29918027016
74325.66567904247
74347.03217781476
74368.05243679848
74389.07269578223
74409.62340813619
74431.25801336663
74452.56299153889
74472.4647035213
74492.50183038299
74512.5555645413
74532.39863625917
74551.66819845159
74571.22722237602
74590.53042707211
74610.46887023703
74630.05981507321
74649.65075990932
74669.24170474544
74690.06450561636
74710.88730648726
74731.47287904596
74752.40349824708
74773.56884347838
74794.93849635929
74815.961555614
74836.98461486878
74857.70324982263
74878.42188477654
74899.8739376954
74921.32599061422
74942.7156407803
74963.26171426878
74984.44072533635
75005.61973640388
75027.19302349808
75048.88184761483
75070.56587849566
75091.96044764448
75113.35501679336
75134.70069784399
75156.8283296372
75178.72731242943
75200.57976967079
75222.22025348744
75244.1186360542
75266.50778094376
75289.04687569755
75311.80155338519
75335.14867482764
75358.35505727732
75382.0085673164
75405.66207735548
75429.49392083035
75453.45897461391
75477.85010274977
75502.53142271213
75527.80270765103
75553.07399258995
75578.29875197804
75603.52351136618
75627.73866750195
75651.90068936786
75676.06271123377
75699.34737576896
75723.71563665135
75748.08389753377
75773.86201310302
75801.00778747706
75828.54600128051
75856.08421508395
75883.79920620391
75911.51419732392
75939.22918844385
75966.73351712353
75994.3458022393
76021.95808735515
76049.1747355659
76076.92704424863
76103.45103930359
76130.09325199696
76156.39228283372
76181.98446157732
76207.1846166292
76232.384771681
76258.02640444691
76283.66803721285
76309.80416945492
76336.18232324503
76362.68670235797
76390.8422959393
76418.96234799476
76446.41591049585
76473.86947299694
76500.2881098979
76526.50153274977
76552.6285926006
76578.4108341759
76603.70983110012
76629.59380681223
76654.8122727463
76680.48056813817
76705.89310866488
76731.2900231611
76756.86827627479
76782.81977902915
76808.80763800131
76834.42071312736
76860.03378825332
76886.00091903833
76911.70731010144
76937.41370116449
76963.14112534148
76988.11928768178
77013.41835228876
77037.00107127754
77060.58379026628
77083.87197444055
77107.6046777128
77131.33738098506
77155.07008425731
77178.80278752954
77202.5354908018
77226.7051008728
77250.64847188436
77275.12911072494
77299.62910972616
77324.12910872731
77349.13976673261
77374.31456162734
77399.79149076942
77425.54032400498
77449.84581094238
77473.93038293367
77498.73152018995
77523.03815797006
77546.35621923806
77569.48560093476
77592.42192980682
77615.35825867884
77639.72348338571
77663.59863531128
77688.00146442179
77712.70392459727
77737.40638477277
77761.74430794817
77786.29289356395
77810.84147917975
77834.78906264651
77858.73664611322
77882.03710018618
77905.20365325149
77927.96120690735
77950.59969405051
77973.05817071232
77995.91092340065
78019.08168753819
78042.2524516758
78065.3766902625
78088.95196171409
78112.3887830962
78135.99462131361
78159.6004595311
78183.50592881344
78207.79973674046
78231.62214250519
78255.44454826995
78278.26914292926
78300.92026162508
78323.51066774482
78345.57968323748
78367.60217317926
78389.24254677592
78411.16330258093
78432.74174329288
78454.3201840048
78475.9923865772
78498.56561855024
78521.58308729531
78545.15664357728
78568.03374408909
78590.54078912415
78613.04783415931
78635.81069842285
78658.68254083244
78681.98274281212
78704.54913064018
78727.11551846826
78750.66134795781
78774.90108453899
78799.06909057591
78823.23709661288
78848.66060570512
78874.28842244696
78900.06449887641
78925.9668006286
78951.86910238085
78976.86014389955
79002.54509250988
79028.85289508395
79055.51329223737
79081.95759962055
79108.40190700364
79134.9399762473
79161.9064050609
79187.81160210393
79213.83560672986
79239.44454077513
79265.05347482036
79290.66240886562
79316.68132299704
79342.81450534335
79368.61170040692
79393.82872058057
79419.13510556544
79445.31139872495
79471.29656062652
79497.0209828063
79522.74540498601
79548.40971446662
79574.68032329262
79601.08322691813
79627.89512995303
79654.2237883367
79680.76068353007
79707.59183121195
79733.95097171322
79760.13438498296
79786.40008076942
79812.83802082879
79839.27596088823
79866.18530310983
79893.09464533145
79919.57195273617
79946.34450642174
79972.02316636381
79997.70182630591
80023.08086832208
80047.85361099285
80072.93026672537
80097.14348851512
80121.18313417693
80145.22277983876
80169.21454468618
80193.19268934806
80217.17083400997
80241.24289814863
80265.97422514718
80290.7055521457
80315.43687914421
80340.46709750725
80365.8017401713
80391.43601390017
80416.55825410468
80441.6804943091
80466.80273451355
80492.05228340591
80518.07924020181
80543.901862106
80569.78391500187
80595.9705194562
80621.85524886595
80647.93060203259
80674.40159210422
80700.2565743066
80726.78597142012
80753.45747978214
80779.78628305138
80807.17221384325
80835.07953526224
80862.82581379164
80890.57209232112
80917.1278779196
80943.02557961456
80968.92328130959
80994.82098300455
81020.88566256089
81047.26375035738
81073.80597504333
81100.34819972937
81127.65556345388
81154.57344438779
81182.37407748665
81211.73417834849
81240.82396714772
81269.91375594697
81298.83656688491
81326.86247209649
81354.88837730807
81383.12599315886
81411.36360900967
81439.3276403304
81467.96755037112
81496.60746041188
81524.6287392802
81552.00673539458
81579.51711399457
81607.0274925945
81634.12012241488
81661.21275223524
81687.81105346962
81714.69284752195
81741.5746415743
81767.53583086377
81793.64791367888
81819.14228883314
81844.72443182679
81869.85944723104
81895.59546478432
81921.1587645013
81946.70755189237
81972.25633928347
81997.24530203186
82022.06074687387
82046.87619171597
82072.27636319895
82098.12366227135
82123.22169950712
82148.3197367429
82174.1825147112
82200.04529267938
82226.16534181168
82251.81398878172
82277.46263575176
82303.39791957961
82328.16265554068
82352.92739150174
82377.26348556686
82401.0892029539
82425.53322698754
82449.97725102124
82474.4212750549
82497.89603500604
82521.15953104412
82544.87473948322
82567.9963253347
82591.11791118616
82614.1477362412
82636.89678694746
82659.64583765375
82682.55097310503
82705.8087031357
82728.79284863627
82752.20563603278
82775.61842342938
82799.61593746697
82823.6586082925
82847.78677918478
82871.48630818113
82895.18583717744
82918.05938141764
82940.62178354681
82963.18418567597
82986.3467330363
83009.57168314938
83032.02309685295
83054.312935931
83076.51338196201
83098.30482858357
83120.5628841315
83142.34526237282
83164.1276406141
83185.44626638465
83207.11748673453
83228.78870708442
83250.49149041621
83272.17839654606
83293.8171323975
83315.71376699896
83337.6104016004
83359.5070362018
83382.49169057433
83405.47634494684
83428.40631368046
83451.77274936749
83475.13918505446
83497.95970253741
83521.4127163499
83545.40232849451
83569.92209790353
83594.22605986815
83618.53002183278
83642.8339837974
83667.13794576202
83691.49051279914
83714.74736949241
83737.7434864638
83760.6506348106
83784.33512415107
83808.01961349146
83831.19987644072
83854.39836737055
83877.80752074067
83900.07111045961
83921.76330853897
83943.45550661831
83965.18196138351
83987.38527192116
84010.37215747155
84033.35904302189
84056.34592857231
84079.56622507964
84102.49632976043
84124.8938223861
84146.85449642985
84169.0823195446
84191.00800841209
84212.32088703467
84233.29106056433
84254.26123409405
84275.23140762375
84296.41224359376
84317.53067681102
84339.6454238534
84361.83318302248
84384.34891634296
84406.82360205417
84429.57827634376
84452.33295063331
84475.59969177768
84499.62758568357
84523.65547958942
84548.02842915842
84572.14827321339
84597.05207847636
84621.95588373944
84646.85968900248
84671.76349426548
84696.74503068255
84721.51590465914
84745.8425418638
84770.53916967871
84795.23579749365
84819.6904037605
84844.1450100273
84868.59961629416
84893.68766189208
84917.9161423064
84942.58150346394
84967.7841324505
84992.82665926048
85017.92487704381
85043.55313582922
85068.66902084328
85093.56600696636
85118.71547101739
85143.86493506856
85168.4306057397
85192.14304022957
85215.86026795532
85239.35125662154
85262.03058069841
85285.00953584016
85308.2330231943
85331.29154641651
85354.50346035181
85378.06536506499
85401.86341648949
85426.0183233454
85450.17323020122
85474.96337552612
85499.57709473031
85523.53048739227
85546.41187404904
85569.7022601152
85592.9926461814
85616.57105170142
85640.3866855338
85664.70955965466
85689.03243377547
85713.23755039844
85737.44266702142
85761.47601254714
85784.95245584389
85809.32097396046
85833.66260092607
85858.0042278917
85882.65699696825
85907.30976604483
85932.00426743628
85956.49144768769
85980.97862793914
86005.52821094333
86030.10935692953
86055.33763230946
86080.38225510113
86105.52834122948
86131.11089431126
86156.47419101316
86182.11107224517
86208.01096727928
86233.2637329196
86258.11810852429
86282.97248412897
86307.01519514427
86331.52011255914
86355.26880377994
86378.89645340809
86403.05414403828
86427.12633460175
86451.19852516528
86474.428107723
86497.1158023193
86520.12677945696
86543.41776677138
86566.70875408586
86590.01910156087
86613.32944903593
86636.63979651101
86659.60837215424
86681.91722541023
86703.8165963406
86725.7159672711
86747.61533820153
86769.51470913197
86791.26582037486
86812.66236276685
86834.05890515892
86855.45544755092
86876.87392135283
86898.54966631871
86920.32694296373
86942.10421960872
86963.92966653217
86986.25169929508
87008.87815635881
87030.88813237767
87053.4991105456
87075.75684774654
87098.01458494748
87120.62491672779
87142.97797734414
87165.79294462761
87188.88801179358
87212.28914798805
87237.04426566948
87261.60825209306
87286.17223851662
87310.73622494019
87335.04710584956
87359.26901813447
87383.49093041934
87407.71284270419
87432.16969808348
87456.6265534628
87481.08340884215
87505.55614142345
87531.14730567951
87557.43692602302
87583.72654636651
87610.01616671
87635.57197290192
87661.52646973281
87687.87231038997
87714.25200408274
87740.51289019264
87766.42947400511
87792.34605781753
87817.89548805186
87843.66742321555
87869.91503568577
87896.54177527686
87923.5385054782
87950.53523567956
87977.53196588095
88004.52869608233
88031.52542628368
88058.48789979919
88085.4503733147
88112.60841356515
88138.32823468599
88163.75786398025
88189.03112620363
88214.30438842697
88240.60010493768
88266.83341869553
88293.19897457254
88318.96166520676
88344.62758049004
88370.29349577325
88396.25026323665
88422.9562925366
88449.66232183656
88475.98103716006
88502.04185373358
88528.10267030704
88554.16348688054
88580.65249213386
88607.14149738722
88633.63050264059
88659.37024605731
88684.44119510682
88709.44083111477
88734.76976612423
88760.0987011336
88785.47416169384
88811.09602875965
88836.0527760472
88860.3232650147
88885.18439427497
88910.04552353529
88934.90665279556
88960.2481857353
88985.33495631447
89010.88039859764
89035.87992267677
89060.60468396844
89085.227763828
89111.60547870898
89137.98319358988
89164.36090847089
89190.7386233518
89217.67313458104
89244.5108704593
89270.8887212389
89297.99206037159
89324.3209710358
89349.43576444636
89374.55055785686
89399.47901324544
89424.40746863394
89449.33592402253
89474.2643794111
89498.59183265064
89522.65763293588
89546.31443381168
89569.45920116313
89592.60396851445
89615.74873586585
89638.87762601522
89662.65096550503
89686.08791923108
89709.52487295712
89732.96182668318
89757.18818583977
89781.41454499643
89805.47567095107
89829.53679690567
89853.78157544865
89877.20212155233
89900.77735600647
89924.25793660087
89946.97711228691
89969.69628797293
89992.73636592548
90015.77644387812
90038.87674766258
90061.27652716413
90083.2442099425
90105.59400906584
90127.94380818924
90150.29360731262
90173.35025852919
90196.51118535631
90219.35563699453
90242.2000886327
90264.37393424232
90286.54777985193
90308.72162546158
90330.35434903536
90351.98707260903
90373.38256787066
90395.52732496885
90417.67208206707
90439.54982180179
90461.06132239338
90482.66179160953
90504.55519288212
90526.44859415473
90548.34199542728
90570.42881317541
90592.5156309236
90614.60244867174
90636.85648166892
90659.11051466614
90680.48171619157
90701.8529177171
90723.16171648988
90744.1200351455
90765.07835380113
90786.32948514672
90807.87227384697
90828.98616293841
90850.10005202987
90871.21394112131
90893.02173730437
90914.80224796997
90936.95123041686
90959.10021286382
90981.24919531077
91002.97330114637
91023.96340954237
91044.57901823602
91064.49698570801
91084.54994953456
91104.60291336119
91124.19937155077
91143.67807224256
91163.75577401926
91183.71906745767
91203.48894442049
91224.36576259718
91245.24258077388
91266.4442136928
91287.64584661169
91308.60187996445
91329.55791331727
91350.23023003024
91371.18670905821
91392.80391293463
91414.42111681098
91435.88326332139
91457.34540983183
91479.28853829004
91501.57916507704
91523.54042177254
91544.91695182706
91566.29348188158
91587.67001193613
91608.60617957193
91629.54234720768
91650.47851484346
91671.69988965947
91692.53292583088
91713.5377330995
91734.3269574343
91755.11618176913
91776.05381195068
91796.9914421322
91817.9290723138
91839.41262069932
91860.89616908495
91882.37971747047
91903.86326585595
91925.34681424148
91947.12055445365
91969.59580260178
91992.07105074979
92014.44765876116
92036.82426677246
92059.15270450538
92081.75271843406
92104.4049254904
92127.92195907014
92151.11133693594
92174.31143392732
92197.0572323626
92219.74330809852
92242.42938383445
92265.11545957037
92287.86393805908
92311.64948734418
92335.43503662923
92358.82213550726
92382.20923438526
92405.59633326322
92429.62788148159
92453.08978665863
92475.85405061403
92498.5717890185
92521.72237939802
92545.43728841041
92568.9149691106
92592.39264981088
92615.87033051111
92639.1615648542
92662.45279919727
92685.74403354041
92708.33607664757
92731.22775081963
92752.12176735599
92773.01578389229
92794.28066523896
92815.88872844222
92837.45026609465
92859.01180374707
92882.00686662523
92905.89945102754
92929.79203542988
92953.68461983229
92976.69529874776
92999.16937933111
93022.4551245039
93045.96009051125
93069.41037087962
93092.94279353476
93116.86652635525
93140.7902591757
93164.71399199619
93188.63772481661
93212.91571515091
93236.5950708732
93260.27442659548
93283.81944961158
93307.68248407688
93331.54551854217
93355.2765273899
93378.83180900603
93402.34056507138
93426.07722789155
93449.50863677169
93472.70510255735
93498.06662886566
93523.42815517397
93548.82422049403
93574.2202858142
93599.61635113426
93625.43101213712
93650.80006760517
93675.90018538634
93701.00030316753
93725.77214305385
93750.03674265146
93773.92158775171
93797.8064328519
93821.69127795215
93845.5761230523
93869.42060561376
93893.2650881752
93917.10957073659
93939.89380960804
93962.67804847931
93985.59858080081
94008.62079455436
94031.4588481414
94054.89657231022
94077.4150271535
94099.93348199678
94121.7775219289
94143.62156186099
94166.31180850418
94189.00205514736
94212.58611754149
94236.17017993554
94258.89913054889
94281.73494632434
94304.74648933145
94328.68089138468
94352.72970177628
94376.76263496588
94400.34453529074
94423.92643561559
94446.90773209749
94469.2753136229
94491.59908331168
94513.92285300049
94536.24662268934
94558.57039237818
94581.10482450738
94603.63269930644
94626.16057410552
94648.50479631632
94670.84901852706
94692.69874126164
94715.74212358634
94738.7855059111
94762.4298903849
94785.98404769387
94809.20609373921
94832.46449600245
94855.7228982657
94878.981300529
94902.36592811502
94925.75055570106
94949.05037694421
94971.80427998338
94994.45873560035
95017.09009390327
95039.06360368697
95059.7312507022
95079.77100835723
95099.81076601222
95119.85052366716
95139.7726752383
95159.69482680938
95179.85242831145
95200.05655536427
95220.21415686632
95239.94339879835
95259.67264073042
95279.7237029942
95298.84615360275
95318.19980301177
95338.2005818146
95359.39809816016
95381.26850628806
95403.36809115583
95425.46767602368
95448.30255542659
95471.48061668611
95494.30442043171
95517.12822417733
95539.61176549582
95561.50286305945
95583.39396062307
95604.82012459467
95626.39454825384
95647.96897191307
95669.54339557227
95691.26966411504
95712.99593265781
95734.72220120054
95756.44846974334
95778.1747382861
95800.32588344024
95822.68572813434
95845.19383251597
95867.70193689763
95890.21004127928
95912.17827142909
95933.22822132391
95953.6178446764
95973.62233689707
95993.56442636508
96013.062279061
96033.0358090636
96053.00933906616
96074.2466233908
96095.48390771548
96116.56641700015
96137.89094783294
96159.21547866572
96180.54000949842
96201.86454033118
96223.18907116399
96244.07793852655
96264.96680588918
96285.78755768598
96306.79196207112
96327.79636645637
96348.80077084154
96369.31674717303
96389.93699911503
96410.55725105703
96431.17750299908
96451.17454804144
96471.67883337241
96493.48136376802
96515.28389416359
96537.08642455922
96558.87611014654
96579.83664527722
96600.79718040793
96622.05959058311
96643.32200075831
96664.47122622567
96685.91064351962
96707.03891870256
96728.16719388556
96749.60092365008
96771.03465341458
96792.8504914376
96814.66632946064
96836.48216748366
96858.50387813042
96880.5255887772
96902.54729942403
96924.62912276994
96946.7109461159
96968.96855295004
96990.99963979388
97012.60585002636
97035.24615683014
97057.88646363387
97080.52677043757
97103.5196718207
97126.51257320381
97149.50547458694
97172.49837597004
97195.78419532983
97219.02348913875
97242.2627829477
97265.00757728046
97287.10919835376
97310.07471268944
97333.04022702512
97356.6996484523
97380.42397581458
97404.2832003601
97426.88893832288
97449.1420817063
97471.64734992712
97494.99316401732
97519.04583020066
97543.84775822067
97568.6496862406
97593.45161426059
97618.62353289088
97643.85727859788
97668.75503702198
97693.65279544615
97718.59707942106
97742.93402670462
97767.27097398817
97791.60792127176
97816.68312051323
97841.1173210377
97865.08011940004
97888.35271434061
97911.62530928118
97934.89790422171
97958.66285351609
97981.41488168876
98004.16690986145
98026.9189380341
98049.67096620679
98072.42299437945
98095.62274228278
98119.25084975614
98142.2334305937
98164.92736439127
98187.62129818887
98210.31523198642
98232.10072584361
98254.13992446684
98276.17912309007
98298.21832171331
98320.8144225655
98342.85362118871
98364.89281981195
98386.15454724449
98407.46678650487
98428.9641500883
98450.1503715608
98469.88165902313
98490.02852867782
98510.17539833253
98530.32226798715
98550.46913764179
98570.61600729644
98590.86768944736
98610.93571900994
98631.35204562859
98651.14881511855
98671.0568827074
98691.3524672893
98711.44268662717
98731.24344423306
98751.04420183894
98770.84495944485
98790.10844922165
98809.84036611115
98829.52411272221
98849.21265256919
98868.96359516897
98889.13941438009
98909.78663575342
98930.43385712674
98951.02639286117
98971.61892859549
98991.96793859702
99012.59954099225
99033.23114338744
99053.86274578268
99074.49434817783
99095.12595057306
99115.75755296824
99136.41604651444
99156.97223024773
99177.67667366858
99198.03607044717
99218.34894167486
99238.442592068
99258.53624246115
99278.64577005626
99299.40242704512
99320.6630101751
99342.18438287251
99363.70575556987
99385.81185490823
99407.61607920208
99429.57483103304
99451.53358286397
99473.49233469494
99495.56869786457
99517.64506103423
99539.61911439103
99561.59316774787
99583.37380462907
99605.15444151033
99627.08333807917
99648.40593530257
99669.72853252593
99691.1392948907
99712.55005725543
99733.96081962017
99755.37158198486
99777.16412566409
99798.54944831504
99819.09307883611
99839.63670935716
99860.18033987819
99880.15247974788
99900.56270748079
99921.3162678926
99941.81893428875
99962.32160068495
99982.8242670811
100003.42315551915
100023.2569049186
100042.86274756322
100062.40245030179
100081.94215304035
100101.99223245704
100122.04231187371
100142.09239129034
100161.93180826661
100181.77122524293
100201.7952581247
100221.81929100642
100242.44392773112
100262.90158659451
100283.30793485018
100303.71428310583
100323.72380066809
100343.28975759499
100362.9022400727
100382.47460383619
100402.04696759963
100422.43099595254
100442.52221161555
100462.61342727856
100483.74788079853
100504.85077133648
100526.44442419727
100548.03807705811
100569.6317299189
100590.8319898543
100612.03224978964
100633.23250972497
100654.43276966031
100675.63302959564
100696.69043875072
100717.74784790583
100738.8052570609
100759.70789117603
100780.80097590544
100801.75464237513
100822.42571645112
100843.09679052715
100863.70698497925
100884.31717943124
100904.92737388323
100925.4889632628
100946.05055264234
100966.61214202186
100987.17373140137
101007.13454716906
101027.09536293671
101047.10270425522
101067.25830526125
101087.41390626735
101107.23351999056
101127.05313371385
101146.87274743705
101166.69236116028
101186.51197488353
101206.07368985673
101224.8980339182
101243.55824109014
101261.81112786353
101280.06401463693
101297.7244576555
101315.99120001946
101334.42327551714
101352.51303592171
101370.60279632626
101388.1530764904
101406.31536881287
101424.47766113532
101442.75239871717
101461.97688913952
101481.20137956193
101500.42586998433
101520.12176256887
101539.81765515346
101559.51354773802
101579.0183090647
101598.58318309058
101618.0521174006
101637.52105171053
101656.61735419207
101675.71365667364
101694.82098351061
101713.92831034772
101734.11843004878
101754.30854974981
101774.80309375163
101795.2976377535
101815.65373168596
101836.2670967824
101856.88046187889
101877.8520444297
101898.82362698053
101919.79520953138
101940.72026653135
101961.74814774649
101982.09335030886
102002.33120386236
102022.56905741588
102043.39712071444
102064.22518401299
102085.05324731155
102105.88131061014
102126.70937390874
102147.5374372073
102168.36550050584
102188.88242169349
102209.33493149705
102230.13493962944
102250.93380361571
102271.73266760203
102292.53153158826
102313.34975573518
102332.65649597897
102351.96323622276
102372.64001077868
102393.3167853346
102414.28439038529
102435.53209531844
102456.77980025165
102478.02750518484
102499.67068304766
102521.31386091057
102542.48563661115
102564.7799301449
102586.8635612382
102608.94719233156
102631.57674162889
102653.775420692
102675.97409975514
102698.12054539837
102720.26219780573
102742.35088669861
102764.149383765
102786.37624040138
102808.81375947819
102831.25127855492
102853.68879763168
102875.82418246125
102897.4712458891
102920.12958571102
102942.70242546617
102965.27526522137
102987.84810497653
103010.42094473173
103033.13221263104
103056.232963321
103078.75851457065
103101.12437679514
103123.44206874118
103145.75976068708
103167.95864505025
103190.15752941337
103212.3564137765
103234.84136687269
103257.59663203133
103280.94434094489
103303.93945527899
103326.93456961318
103349.9296839473
103373.07305796907
103396.44547481545
103420.26172995291
103443.5628813141
103466.8640326753
103489.61270850239
103512.36138432949
103534.93828905938
103557.51519378918
103579.72756151894
103601.6868237346
103623.64608595034
103645.16111139399
103665.91868185234
103686.75822346708
103707.74567312907
103729.348001078
103750.95032902685
103772.55265697573
103794.15498492462
103815.75731287352
103836.94307770359
103858.17536808435
103879.40765846522
103900.82628686799
103921.83769424258
103942.8491016172
103963.79560305666
103984.95276693653
104006.7234442271
104028.49412151771
104050.26479880828
104072.18755743501
104094.11031606175
104116.052717175
104137.82814042697
104159.13216151661
104180.14816315238
104201.31242447565
104222.47668579909
104243.40371881021
104264.67825015023
104286.11691837978
104307.5555866093
104328.99425483882
104350.4329230683
104371.72333161032
104394.6536240638
104417.31033198719
104439.2695699733
104461.40431318678
104483.44529453978
104505.16445556092
104527.26478426006
104549.36511295912
104570.32274374482
104591.22065183111
104612.1185599174
104633.01646800368
104653.91437608996
104674.81228417634
104696.10429514675
104717.3963061173
104738.68831708771
104759.98032805821
104780.92185891168
104802.10270444055
104823.98238433733
104846.21465881345
104868.59519297721
104890.5857954674
104912.57639795772
104934.56700044793
104956.55760293816
104978.56408263031
104999.05215454694
105019.77849726047
105040.50483997395
105060.98220627675
105081.83270351905
105102.68320076127
105123.53369800358
105144.38419524585
105165.2346924881
105185.78076542958
105206.49097526055
105226.9480795773
105247.5424335724
105268.58102433944
105289.61961510651
105310.37810599111
105331.13659687577
105351.89508776047
105371.76278297551
105391.38845664254
105411.38412091983
105431.69092730808
105451.99773369638
105472.80072973747
105493.80849659764
105513.9884835715
105534.59334715678
105555.19821074202
105575.8030743273
105596.40793791258
105617.01280149784
105637.61766508309
105657.86087472942
105678.10408437591
105698.53842528013
105718.73553787232
105739.60706537559
105760.47859287883
105781.86049706026
105803.24240124166
105824.57134190861
105846.31191950808
105868.05249710762
105889.79307470711
105911.53365230664
105933.29010710806
105954.9918762705
105976.79404202494
105997.93588123705
106018.87235520527
106039.80882917333
106060.74530314148
106081.68177710954
106102.2860023647
106122.89022761995
106143.2208683451
106163.5515090702
106183.91602362589
106204.11440022799
106223.92146666464
106244.0329574022
106263.93378569938
106283.80732847919
106304.19124793708
106324.14680782496
106344.10236771285
106364.0579276007
106384.79793489503
106405.53794218936
106426.27794948358
106445.89556400174
106465.05667288291
106484.21778176409
106503.37889064528
106522.73923816775
106542.09958569017
106561.45993321258
106580.16916506419
106598.8783969157
106617.58762876732
106636.29686061892
106655.00609247062
106673.4092552936
106691.81241811668
106710.2101273295
106728.60783654235
106747.00554575518
106765.74700670979
106784.48846766424
106803.87731015947
106823.01304714066
106842.25024745846
106861.19725594975
106880.19078999186
106899.18432403404
106917.57885699124
106935.57537979167
106953.42997045317
106971.52658266266
106989.6231948722
107007.71980708178
107025.67868634182
107044.93581066662
107064.23946054216
107084.02635506888
107104.25748636755
107124.1589352448
107143.85607647235
107163.5532176999
107183.25035892743
107202.94750015494
107222.6028258948
107242.35191349516
107262.10100109557
107281.91020139503
107301.71940169457
107322.39385900531
107343.15854348091
107364.32565574882
107385.537600012
107406.91407947076
107428.29055892947
107449.66703838832
107471.33297957903
107492.93651801704
107513.50931612428
107533.93385454404
107554.70109805666
107574.7903116796
107595.19066741364
107615.24831805468
107635.30596869577
107655.36361933683
107675.42126997787
107695.66954437576
107715.98022152638
107735.5969915855
107755.21376164458
107775.00230280095
107794.93910364488
107814.87590448881
107834.81270533279
107854.74950617668
107874.69551789209
107894.64152960757
107914.30833874916
107933.67551682575
107953.04269490234
107972.40987297894
107992.03287028392
108011.65586758892
108031.27886489392
108050.90186219892
108070.52485950384
108090.14785680886
108109.34597750245
108128.54409819601
108147.74221888962
108167.01502305317
108186.28782721669
108205.72516657578
108225.16250593495
108245.41150988344
108264.80441555342
108284.19732122336
108303.55257357997
108322.97022868933
108343.58702946102
108364.54614532588
108386.17815297305
108407.81016062024
108430.08661760777
108452.18595898239
108473.83817276759
108494.84593721242
108516.99723952045
108539.14854182854
108561.29984413665
108583.19866851659
108605.70569617233
108628.21272382808
108651.51596838822
108674.77268739756
108698.7786682435
108722.36749537716
108745.95632251074
108769.5451496444
108793.13397677806
108816.70985891
108840.28574104207
108863.11236133747
108887.07639103947
108911.4871681776
108935.89794531584
108959.78431096986
108983.67067662391
109007.55704227787
109031.44340793187
109054.9877166511
109078.33724013192
109101.52262672316
109125.12301064658
109148.72339457
109172.70561251263
109196.41781847886
109220.09178257074
109243.76574666257
109267.42383355253
109291.36230265081
109314.99470272071
109338.62710279046
109362.25950286025
109385.82950017726
109410.37256277984
109434.91562538245
109459.40869249814
109483.9017596139
109508.39482672958
109531.84999019637
109555.62996840534
109579.08108491884
109601.3760649989
109623.22742275399
109645.078780509
109666.93013826401
109688.44102409082
109709.95190991757
109731.31453605686
109752.91918374413
109774.52383143148
109795.90925828417
109817.29468513693
109838.26151630687
109859.38222203648
109880.50292776611
109901.62363349574
109922.74433922538
109943.865044955
109964.98575068465
109985.7567479622
110006.26385286683
110026.77095777148
110047.27806267612
110067.78516758073
110088.2922724854
110108.79937739008
110129.29060509278
110149.78183279543
110170.27306049815
110191.17328761019
110212.4983913337
110233.71891994865
110254.40285023142
110274.84955220207
110294.74714640647
110314.49479074667
110334.24243508684
110353.46544733229
110372.68845957772
110391.91147182322
110411.42901888302
110430.55822729833
110449.6874357136
110469.30843673243
110489.22830565303
110509.14817457358
110529.00313755914
110548.8581005446
110568.67752200423
110589.171358375
110609.66519474576
110630.15903111653
110650.24866131373
110669.78409615479
110690.08467003432
110709.98239294345
110729.88011585265
110749.36883935238
110768.85756285214
110788.47251167461
110808.67647399807
110828.81803356874
110848.95959313939
110869.0362467749
110888.91948393482
110908.70281079526
110928.45188096986
110947.6937108559
110966.93554074195
110985.87130159944
111004.00324550288
111022.13518940644
111040.26713330991
111058.39907721338
111076.1220217074
111093.9409059174
111111.75979012743
111129.47343290497
111147.18707568252
111164.90071846005
111182.61436123757
111200.37452956598
111217.92403545401
111235.47354134201
111253.02304722999
111270.80978143019
111288.9336034178
111307.05742540541
111325.18124739312
111343.51436305828
111361.83087142697
111379.65633514685
111397.35424191365
111415.0521486804
111432.89216669579
111450.73218471116
111467.94969990487
111485.16721509867
111502.26721761019
111519.36722012176
111536.46722263326
111553.56722514484
111570.72963040919
111587.89203567355
111605.61421473244
111623.16626187654
111640.71830902061
111658.27035616474
111675.87180042535
111693.4732446859
111711.26582020432
111729.05839572281
111746.3405945632
111763.6227934035
111780.90499224392
111797.9096649563
111814.91433766871
111831.91901038114
111848.97020864443
111866.68386470265
111884.39752076086
111902.68162818681
111921.87564370241
111940.62542244593
111959.81943796153
111979.01345347706
111998.00059009381
112017.1811431861
112036.36169627834
112055.91223998094
112076.00668027611
112096.10112057131
112116.1955608665
112136.29000116173
112156.38444145689
112176.47888175209
112196.72968911825
112216.91809373161
112237.35960385906
112257.5590924384
112277.60170644583
112297.6443204532
112317.68693446048
112337.61074088504
112357.54956157712
112377.18395796837
112396.81835435961
112416.45275075082
112436.6661392675
112456.49682782848
112476.32751638943
112496.15820495036
112515.98889351128
112535.5407931741
112554.53579060809
112573.62756339286
112592.71933617773
112611.81110896252
112630.64985523782
112649.83178336963
112669.29381138389
112688.75583939823
112707.84700260211
112726.63209677758
112745.41719095303
112764.20228512846
112782.00861851581
112799.2086525578
112816.40868659981
112832.8568244413
112849.30496228287
112865.7531001244
112882.52955162477
112899.3060031251
112916.0824546254
112933.04306629227
112950.00367795913
112967.31688420537
112984.63009045157
113001.31540733746
113017.85246453572
113034.38952173408
113050.92657893238
113067.46363613072
113084.43635679923
113101.15117871769
113117.86600063619
113135.18182470364
113152.15494367821
113169.12806265274
113186.10118162737
113203.07430060196
113220.07898255852
113237.18421726282
113254.28945196711
113271.39468667145
113289.08371475564
113306.77274283986
113323.8014443817
113340.6194834832
113357.00916301463
113373.84307931809
113390.67699562146
113407.59845903635
113424.51992245126
113441.01302629616
113457.506130141
113473.76429089135
113490.02245164174
113506.28061239216
113522.42947900662
113538.94921043143
113555.46894185623
113572.46435058763
113588.92316098687
113605.38197138607
113621.84078178533
113638.29959218459
113655.34312922487
113672.38666626508
113689.57846299288
113706.77025972062
113724.00858199934
113741.24690427794
113757.4177427388
113773.17486276287
113789.00551815197
113804.83617354109
113820.66682893019
113836.26025600717
113851.85368308412
113867.14523511655
113882.99068370595
113899.13091925679
113915.27115480756
113931.41139035836
113947.08022374698
113962.74905713556
113978.35548777133
113994.72956615507
114011.10364453876
114027.47772292253
114043.85180130627
114060.91893410288
114078.38034292607
114095.82587454733
114113.27140616855
114130.66876751134
114148.4482371126
114166.48081222796
114184.75540889145
114203.25974458754
114221.76408028361
114240.56804704458
114259.37201380564
114278.1759805667
114297.39326363472
114316.26063217678
114335.12800071889
114353.83083406536
114373.37442051267
114393.26305360236
114413.15168669194
114432.33346768844
114451.3511117954
114470.36875590234
114489.38640000924
114508.40404411622
114528.04957758347
114547.81609100616
114567.64500718164
114587.47392335723
114606.87447996264
114625.62765502743
114644.73342467153
114663.83919431562
114682.94496395977
114702.05073360386
114720.76168064107
114739.47262767817
114757.94155316737
114776.48820981041
114795.72944265121
114814.97067549198
114834.00261465524
114852.45182124607
114871.5165942488
114890.58136725154
114909.64614025426
114928.71091325697
114947.77568625973
114967.4756977313
114987.17570920291
115006.87572067458
115026.57573214617
115046.2757436178
115065.58093248252
115084.53862301838
115103.6342029042
115122.9789321698
115142.3236614354
115160.97448360942
115179.62530578344
115198.27612795752
115216.34222349049
115233.60107033847
115250.85991718638
115268.11876403433
115285.37761088216
115303.08069450204
115321.36850476301
115339.71871777668
115358.06893079038
115376.41914380401
115394.95226139923
115413.48537899446
115432.13953818231
115450.81030466664
115469.77382735061
115488.73735003469
115507.90112666998
115527.06490330528
115546.21280273866
115565.36070217208
115584.50860160547
115603.55039667201
115622.3314520167
115641.60700683761
115660.8825616585
115679.72164952598
115698.56073739345
115717.39982526087
115735.91801086174
115753.97244399179
115772.0268771219
115789.79488282098
115807.56288851993
115825.17514095864
115842.78739339732
115860.39964583603
115878.01189827468
115895.62415071338
115913.23640315207
115930.84865559074
115948.32016903673
115965.79168248265
115983.44953395052
116001.1073854184
116018.64419529375
116036.47119699555
116054.32976167933
116072.31365120564
116090.26845222045
116108.2232532353
116126.48247855103
116144.74170386669
116162.6484639339
116180.55522400107
116198.47270319377
116216.94995618104
116235.97110576092
116254.9922553409
116274.01340492077
116292.6720806421
116311.33075636339
116329.98943208468
116348.648107806
116367.30678352738
116385.9654592486
116404.56770289772
116422.84057645526
116441.11345001285
116459.29256170981
116477.26861741042
116495.24467311107
116513.22072881166
116531.1967845123
116548.58937211212
116565.981959712
116583.2807854514
116600.57961119078
116617.87843693013
116635.17726266949
116653.04177519478
116670.68630053679
116688.33082587879
116705.22608938417
116722.36483321482
116739.50357704551
116757.24132196115
116774.97906687678
116792.71681179243
116811.15133536521
116829.37656526057
116847.71620349416
116866.05584172784
116884.42973664729
116902.80363156679
116921.17752648627
116939.24699710491
116957.7607044955
116976.20392608698
116995.126632887
117014.04933968702
117032.97204648706
117051.89475328705
117070.81746008708
117089.69364133629
117108.56982258552
117126.75093386229
117144.93204513898
117162.51879949112
117180.10555384317
117197.69230819527
117215.27906254728
117233.68675426664
117251.55054939343
117270.11662979514
117288.6827101969
117307.2487905985
117325.80415187475
117344.35951315092
117362.91487442711
117381.11764112388
117399.3204078207
117416.789360366
117434.6109074906
117452.27767957517
117469.94445165974
117487.258629165
117505.10284767231
117523.41846834183
117541.73408901128
117560.0497096808
117577.63091438597
117595.6566381891
117613.89302443252
117632.12941067599
117650.36579691946
117668.1189385118
117685.90062982128
117703.596821064
117721.48642878231
117738.71570995836
117755.69858462879
117772.6814592992
117789.66433396957
117806.64720863993
117823.63008331039
117840.61295798082
117857.85165187961
117875.09034577831
117892.32903967712
117909.56773357591
117925.83242050064
117942.09710742543
117958.31526879931
117974.53343017331
117990.7515915472
118007.27188716836
118023.88115141413
118040.4904156599
118057.0996799057
118073.70894415147
118090.71257322366
118107.32056539084
118123.92855755806
118141.03422930842
118158.13990105875
118174.90286771614
118191.64995717163
118208.38510420646
118225.12025124123
118241.85539827602
118257.82129046478
118273.8037899502
118290.12615934186
118306.44852873358
118322.77089812524
118339.09326751692
118355.41084367273
118371.38218003992
118387.35351640717
118403.0969460195
118419.1229680257
118435.14899003181
118451.17501203797
118467.85888256344
118484.21152756788
118500.30343285063
118515.51798080253
118531.37697809482
118547.23597538708
118563.0949726794
118579.47860206646
118595.86223145355
118613.15395446679
118630.39915192919
118647.64434939162
118664.88954685404
118682.1347443165
118699.37994177887
118716.62513924133
118733.87033670377
118751.91175107054
118770.20898466573
118789.2614574589
118808.31393025209
118827.64577212428
118846.97761399647
118866.2184679084
118885.4593218203
118904.70017573232
118923.9410296443
118943.18188355633
118961.98627051475
118980.71407791805
118999.44188532124
119018.16969272449
119036.89750012773
119054.97792599021
119072.89421496328
119090.81050393624
119108.72679290919
119126.64308188212
119144.55937085519
119162.47565982818
119180.39194880117
119198.89296441509
119217.33386732987
119236.85997339844
119256.44848221978
119276.03699104108
119295.6254998623
119315.33933352612
119335.72845630118
119356.11757907612
119376.9180352936
119397.71849151094
119418.42791998273
119439.1373484545
119460.57227391312
119481.57715877665
119502.62856919103
119523.67997960537
119544.49873385749
119565.31748810972
119586.13624236186
119606.3595508475
119626.58285933314
119646.74376506597
119666.30406695591
119686.02226805416
119705.74046915256
119725.39626749807
119745.19023358708
119764.84226753707
119784.49430148711
119804.25024649473
119824.00619150241
119843.78177899659
119864.39812721738
119885.06100098901
119905.72387476073
119926.38674853237
119947.54038462683
119969.18852019748
119990.75278339408
120011.77977876157
120032.47078684626
120053.1617949309
120073.85280301559
120094.45484247572
120115.48524150586
120136.49610935351
120157.50697720116
120178.68509244232
120200.36328976648
120221.94951328445
120242.88860740846
120263.82770153253
120284.7202701058
120304.95251213672
120325.18475416768
120345.41699619855
120365.30299844091
120385.18900068328
120405.52213051495
120425.85526034665
120446.18839017842
120466.52152001012
120486.64398740149
120506.76645479286
120526.72478529454
120546.68311579642
120566.64144629828
120586.834240885
120607.02703547166
120627.21983005841
120647.41262464513
120666.87845014964
120686.34427565418
120706.16269573802
120725.67504679342
120745.53363763733
120765.3922284813
120785.25081932521
120805.10941016916
120824.98387821503
120844.92074901375
120865.06274255054
120884.9629764457
120904.86321034082
120924.76344423596
120944.6636781311
120964.56391202626
120983.93507372569
121003.3062354251
121022.67739712466
121042.28400875507
121061.89062038547
121081.39058528478
121100.89055018405
121120.77885372791
121140.66715727179
121160.5554608156
121180.39723880861
121200.23901680163
121220.08079479463
121239.3700972536
121258.90142126055
121278.5344266996
121298.1674321386
121317.77015197073
121336.979654882
121356.18915779336
121375.16508637309
121394.14101495281
121413.39704341494
121432.65307187708
121451.43323454168
121470.68339624022
121490.45446200985
121509.83070517251
121528.94904958516
121547.576349349
121566.20364911294
121584.83094887681
121603.12226135784
121621.19338898733
121639.26451661685
121657.33564424631
121675.40677187579
121693.69881445143
121711.99085702702
121730.28289960264
121748.68333535075
121766.91200000154
121785.14066465237
121802.75372092183
121820.48781878383
121838.22191664587
121855.95601450781
121873.33879668586
121890.67505331301
121908.0113099402
121925.34756656733
121942.4680157501
121959.58846493285
121976.45309488727
121993.0155905944
122009.57808630152
122025.90611792375
122042.23414954598
122058.56218116818
122074.89021279041
122091.21824441268
122107.5462760349
122123.68194242827
122139.8176088216
122155.95327521492
122172.08894160822
122188.2246080016
122204.36027439493
122220.49594078827
122236.78069469219
122253.06544859614
122269.35020250006
122285.68148195486
122302.01276140957
122318.34404086434
122334.67532031913
122351.06671247304
122367.45810462697
122383.56312205462
122399.06753563929
122414.46744761517
122429.86735959104
122445.26727156686
122460.66718354277
122476.13250028313
122491.5829204983
122507.0333407134
122522.43079741413
122537.78172856399
122553.13265971393
122567.89109440421
122583.1402914174
122598.99049057963
122615.04998341933
122631.12398858492
122647.19799375044
122663.271998916
122679.34600408157
122694.92550977098
122710.50501546037
122726.08452114975
122741.65923360328
122757.23394605677
122772.66039882266
122787.93859190101
122803.21678497932
122818.21367641378
122832.7187752448
122846.77963730373
122861.39161002061
122875.71339091097
122890.03517180137
122904.35695269177
122918.6787335821
122932.66155202356
122946.64437046504
122960.90728878895
122975.17020711288
122989.43312543682
123003.69125052483
123017.94937561282
123032.20750070085
123046.46562578883
123060.55961398731
123074.65360218579
123088.98205446918
123103.52116919291
123118.10680946751
123132.74184685854
123146.91781423951
123161.09378162051
123175.28635629799
123189.4789309755
123203.67150565307
123217.86408033053
123231.96768638343
123246.43346679691
123260.89924721034
123275.01243304444
123288.91495643825
123302.11085224936
123315.36352611703
123329.13759061183
123342.30033213811
123355.46307366448
123368.62581519077
123381.78855671706
123394.95129824337
123408.11403976966
123421.49287106631
123434.87170236294
123448.03654640082
123461.2013904386
123474.36623447643
123487.78689774254
123501.2557312872
123514.78428753125
123528.3128437753
123542.65050023572
123556.9881566961
123571.32581315642
123585.04995620604
123599.57031616005
123614.09067611399
123628.61103606797
123643.47410111495
123658.3371661618
123673.2002312087
123688.06329625564
123702.92636130253
123718.09385065033
123732.86723711398
123747.64062357754
123762.41401004109
123777.1873965047
123791.97666017029
123807.04851622957
123822.12037228886
123837.19222834815
123852.44990145024
123867.70757455227
123882.96524765436
123898.22292075637
123913.24565076403
123928.26838077157
123942.98444249874
123957.78089790662
123972.57735331457
123987.37380872254
124002.66130877922
124017.94880883594
124033.23630889265
124048.18199585557
124063.12768281852
124078.5022959234
124093.87690902814
124108.59119559065
124123.04821098917
124137.11770939465
124151.18720780007
124165.25670620563
124179.32620461108
124193.39570301656
124207.73878595216
124222.08186888768
124236.42495182314
124250.76803475864
124265.11111769418
124279.45420062976
124293.79728356528
124308.6023294246
124323.40737528395
124338.21242114325
124352.43274036166
124366.65305957997
124381.63851783698
124396.6239760939
124411.60943435083
124426.59489260773
124441.58035086468
124456.21965250588
124470.85895414704
124485.49825578814
124500.1375574293
124514.77685907047
124529.41616071167
124544.05546235282
124558.69476399392
124572.76899865273
124586.8432333116
124600.22649307919
124613.41633637119
124626.60617966326
124640.10044725613
124654.19371593396
124668.33351016269
124682.47330439131
124696.5971736539
124710.67451736573
124724.73525378098
124738.79599019627
124752.85672661148
124766.91746302677
124780.97819944205
124795.53552169676
124810.09284395142
124824.65016620609
124839.2074884608
124854.79470508987
124869.99061155359
124884.92801850343
124899.8654254533
124914.49676337466
124928.52910021108
124942.5614370475
124956.5937738839
124971.78048040265
124986.96718692135
125002.15389344018
125017.25163133428
125032.34936922841
125047.25876911316
125062.16816899787
125076.98380702204
125091.8932069068
125106.80260679146
125121.71200667616
125136.62140656098
125152.07672464963
125167.53204273831
125182.987360827
125198.44267891573
125213.89799700447
125229.35331509315
125244.80863318185
125260.26395127055
125275.46616384515
125290.66837641972
125305.87058899431
125321.07280156894
125336.27501414352
125351.22030864483
125366.16560314603
125381.11089764732
125396.31201137703
125411.51312510666
125425.34212266753
125439.17112022852
125453.39142795485
125467.61173568123
125481.83204340757
125496.05235113394
125510.27265886025
125524.49296658668
125539.01540856026
125553.53785053384
125567.7139953489
125581.06186827799
125593.8250145661
125606.5881608542
125620.65066090057
125634.71316094692
125648.77566099337
125662.83816103975
125676.8541355353
125690.29543336436
125703.52606875305
125716.75670414168
125729.98733953031
125743.21797491897
125756.2330273738
125769.24807982866
125783.01661680944
125796.75359080825
125810.49056480703
125824.22753880588
125838.12864969423
125852.02976058258
125865.77297226245
125879.51618394241
125893.2593956223
125907.00260730225
125920.74581898218
125934.85989547244
125948.97397196271
125963.67277509398
125979.77607154005
125995.87936798617
126011.3872186658
126026.51820852433
126041.64919838296
126056.78018824161
126071.92705530212
126087.07392236262
126102.51098124978
126117.75690887903
126133.00283650828
126148.5415768274
126163.6862932668
126179.2266466113
126194.76699995583
126210.30735330033
126225.84770664481
126241.55503785062
126257.89387339528
126274.23270893986
126290.88955593364
126307.60880568028
126324.32805542686
126341.04730517346
126357.72002936916
126374.39275356497
126391.06547776074
126408.22896427936
126426.12626494952
126443.36323907734
126460.0404394106
126476.71763974392
126493.39484007718
126510.07204041035
126527.09514704157
126544.58965583488
126562.8179787798
126581.04630172471
126599.27462466963
126618.10394976361
126636.81275650352
126655.52156324334
126674.23036998315
126692.939176723
126711.64798346287
126730.3567902027
126749.06559694248
126768.18438376847
126787.08708082416
126805.9897778798
126825.30117484684
126844.67497456654
126864.04877428636
126883.12472132247
126902.39591664857
126921.32440688182
126940.25289711499
126959.18138734826
126978.15804785988
126997.13470837161
127016.11136888334
127035.13455494591
127054.15774100843
127073.18092707096
127092.20411313346
127111.22729919596
127130.25048525858
127149.08304756427
127167.91560986998
127186.31008431257
127204.70455875507
127223.09903319755
127241.49350764015
127259.59996262878
127277.32698409205
127295.5786376501
127313.63307538869
127332.19788980548
127350.7627042222
127369.19262145573
127387.62253868919
127406.48892287615
127425.51008210314
127444.53124133007
127463.55240055696
127482.48419497268
127501.41598938844
127520.0171176503
127539.08964807443
127558.16217849853
127577.2347089226
127596.96983201825
127616.7049551138
127636.93457768555
127657.81531592821
127678.69605417085
127699.58873483416
127720.03717872534
127740.29271297765
127760.95724663933
127781.62178030098
127802.50240373296
127823.38302716498
127844.91476626783
127866.44650537077
127888.16458249555
127909.88265962033
127931.31127501313
127952.739890406
127974.16850579878
127995.33922244153
128016.50993908432
128037.68065572708
128058.85137236986
128080.02208901265
128101.19280565542
128122.36352229814
128143.53423894098
128165.43807814446
128187.23764173756
128209.54238995613
128231.38749804106
128253.23260612586
128275.07771421074
128296.71851464604
128318.75062524671
128340.78273584745
128362.81484644816
128385.65254890078
128408.49025135332
128431.32795380599
128453.0528661358
128474.43459660905
128495.81632708239
128518.24240518565
128540.66848328892
128563.09456139228
128585.4920897784
128607.8272154117
128630.01408135741
128652.2009473032
128674.38781324895
128696.8325779447
128719.27734264049
128741.40028700444
128763.55877289426
128785.6245100531
128807.69024721184
128829.75598437057
128851.82172152936
128873.8874586881
128895.95319584689
128917.38369453668
128938.81419322663
128960.24469191645
128981.03074126595
129002.29627582397
129024.66947263967
129047.04266945533
129069.41586627107
129091.78906308673
129114.16225990235
129136.38337538196
129157.90684963984
129179.08402673915
129200.4281816998
129221.77233666045
129243.11649162111
129264.39330424696
129286.02705444003
129307.4438767478
129328.84482185365
129349.68886473059
129370.51801108228
129391.34715743396
129412.17630378569
129433.0054501373
129454.24359589836
129475.48174165947
129496.11928357766
129516.75682549579
129537.3943674139
129558.03190933204
129578.6694512502
129599.3069931683
129619.995660725
129640.68432828164
129661.37299583829
129682.06166339497
129702.7503309516
129723.01332284672
129743.2763147419
129763.53930663707
129783.80229853217
129803.70759624495
129823.6128939577
129843.51819167049
129863.6141131401
129883.43697331811
129902.40364800775
129921.37032269736
129940.5928166154
129959.63165794499
129978.27918910931
129996.92672027361
130015.81627298598
130034.05471002749
130052.44951413997
130071.1269106461
130089.57527291302
130108.02363517998
130126.26270376943
130144.45898515866
130162.6552665479
130180.85154793717
130199.04782932642
130217.2441107156
130235.97699043705
130255.05257525138
130274.38605881575
130293.51868955787
130312.65132030002
130331.6645023615
130351.27828826604
130370.29963041567
130389.32097256526
130408.3423147149
130426.91913776663
130445.49596081831
130464.07278387005
130482.64960692177
130501.22642997345
130519.85071183708
130539.0674374556
130558.28416307401
130577.5008886925
130596.73422160756
130616.86608123983
130636.99794087207
130657.1298005042
130677.56379438365
130697.9977882631
130718.43178214265
130738.8657760221
130759.29976990152
130780.2906660099
130800.63443272456
130820.97819943918
130841.32196615377
130861.90775441649
130882.50855694682
130903.38945935958
130924.27036177227
130945.15126418501
130966.03216659778
130986.91306901057
131007.82822810924
131028.60797232838
131049.3877165476
131070.16746076685
131090.55589482066
131110.94432887452
131131.04257110175
131151.14081332905
131170.8572742418
131190.5737351546
131210.64789024976
131230.72204534494
131250.810712766
131270.95910288635
131291.21273443924
131311.466365992
131332.1483571149
131352.8303482377
131373.25803267624
131393.6857171147
131414.11340155322
131434.5410859917
131454.96877043022
131475.3964548687
131495.9911171685
131516.1385119577
131536.28590674687
131555.93671569665
131575.58752464637
131595.2383335961
131614.4607829758
131633.68323235554
131652.22698935954
131670.77074636347
131689.31450336744
131707.85826037137
131725.66820322376
131743.4781460761
131761.2880889285
131779.09803178083
131796.7871490882
131814.4762663955
131832.16538370278
131849.85450101006
131867.5436183174
131885.23273562474
131902.82017150003
131920.87900953757
131938.937847575
131956.99668561254
131975.05552365008
131993.1143616876
132011.1731997251
132029.53417200988
132047.89514429463
132066.2561165794
132084.61708886412
132103.18735482646
132122.1394021033
132141.09144938007
132159.0471828316
132177.00291628315
132194.70283050643
132212.40274472962
132229.63753855656
132246.48102221798
132262.7686605184
132279.0562988188
132295.3439371192
132311.63157541963
132327.91921372007
132343.97190892603
132359.59596223597
132375.220015546
132390.4157092859
132405.6114030259
132420.80709676584
132436.73808504094
132452.669073316
132468.93604887387
132485.20302443174
132501.4699999897
132517.88523523518
132534.30047048064
132550.71570572618
132567.1309409716
132583.54617621712
132600.2516032891
132617.09519810465
132634.02292073108
132650.1459986889
132666.26907664668
132683.1539238161
132700.56241612104
132717.9709084259
132735.37940073083
132752.78789303577
132770.4384068888
132788.08892074175
132805.7394345947
132823.38994844773
132841.0404623007
132858.69097615377
132876.34149000666
132893.9920038597
132911.37097622443
132928.74994858916
132946.1289209539
132963.50789331863
132981.03506800102
132998.56224268334
133015.7583026148
133032.95436254615
133050.15042247766
133067.34648240908
133084.54254234055
133101.73860227197
133119.2773672963
133136.81613232067
133154.35489734504
133171.46530279936
133189.11297608272
133206.7606493661
133224.40832264948
133241.8101527362
133259.36834989392
133276.92654705158
133294.67108223125
133312.6249110885
133330.5787399457
133348.3676810083
133365.96320559533
133383.5587301824
133401.9659193589
133420.34455881815
133438.7231982774
133457.10183773667
133475.48047719596
133493.85911665522
133512.01853527987
133530.0416604543
133548.25591688676
133566.58163231378
133584.90734774084
133603.2330631678
133621.8947658777
133640.55646858754
133659.21817129743
133677.87987400728
133696.60397946992
133715.32808493258
133734.07155055588
133752.3393388726
133770.9115514901
133789.4213613549
133807.75591716377
133826.35348677472
133844.95105638565
133863.3947514369
133881.8384464882
133900.28214153953
133918.72583659083
133937.68539621367
133956.64495583647
133975.60451545942
133994.5640750823
134013.26781547675
134031.37255478627
134049.47729409582
134066.98142956247
134084.485565029
134101.48246020707
134118.69001782546
134135.89757544393
134153.35989542282
134170.68192799034
134188.00396055786
134205.3259931255
134223.41316473164
134241.2917405939
134259.17031645615
134277.04889231833
134294.92746818063
134312.80604404293
134330.68461990517
134348.60972131827
134366.68787565484
134384.7660299914
134402.9030196521
134421.04000931274
134439.17699897345
134457.31398863407
134475.45097829468
134493.99696736474
134512.54295643486
134531.19679651313
134550.09289348786
134568.9889904626
134587.88508743726
134606.68452497327
134626.2192570444
134645.60572942806
134664.9922018117
134684.3786741953
134703.76514657884
134723.15161896247
134742.90386231712
134762.65610567178
134782.4083490264
134801.90748686693
134821.92166768436
134841.93584850192
134861.5682480049
134881.20064750788
134900.83304701082
134920.4654465139
134939.33270697828
134957.98090155015
134976.62909612208
134995.27729069407
135013.92548526597
135032.52715428703
135051.53782271748
135071.19587268872
135090.78951884306
135110.38316499742
135129.97681115175
135149.73743516734
135169.8189614496
135189.9004877319
135209.98201401412
135229.81043478218
135249.63885555038
135269.37050096758
135289.10214638474
135308.38782644094
135327.67350649717
135346.9591865534
135365.9387975812
135384.9184086089
135404.83715476142
135424.75590091402
135444.56640830444
135464.3769156949
135484.18742308524
135504.23287357012
135524.27832405502
135544.32377453995
135564.7271448335
135585.58702076407
135605.9222645999
135626.25750843572
135646.42861538206
135666.18974224213
135685.695049874
135705.00694103018
135724.31883218634
135744.2778527363
135764.23687328628
135784.1069252117
135804.21420544927
135824.32148568693
135844.42876592436
135864.58257171273
135884.7363775011
135904.72604640006
135924.7157152989
135944.70538419776
135965.44431493318
135986.18324566865
136006.13715430332
136026.4423786218
136046.7476029404
136067.05282725897
136086.675467638
136106.20434615662
136125.39723739238
136144.11064341955
136163.0788118073
136182.04698019498
136201.01514858264
136219.9833169703
136238.95148535795
136258.46355033832
136277.97561531863
136297.2965490411
136316.96796288047
136336.63937671995
136356.31079055942
136375.9822043989
136395.65361823837
136415.32503207776
136434.9964459172
136454.6678597568
136473.6453665047
136492.6387504545
136511.13977156946
136529.64079268437
136548.02129544519
136566.40179820594
136584.7823009667
136603.16280372755
136621.05623893472
136638.4626953605
136654.94428817742
136671.42588099436
136687.90747381127
136704.37410405936
136720.5799945855
136736.83639693956
136753.0927992937
136769.34920164783
136785.60560400196
136801.58190647353
136817.0072840776
136832.38153604307
136847.75578800862
136863.13003997426
136878.50429193978
136893.87854390536
136909.14882152606
136923.86325378573
136938.5776860455
136953.29211830522
136968.61558734282
136984.73527328492
137000.85495922685
137016.97464516884
137032.59538240015
137048.2161196314
137063.83685686273
137079.41243730602
137094.98801774922
137110.56359819253
137125.64841631302
137140.73323443346
137155.81805255383
137172.00535967256
137188.68716626734
137205.3689728622
137222.050779457
137238.7325860518
137255.41439264663
137272.52455881154
137289.63472497638
137306.74489114116
137323.85505730603
137340.96522347088
137358.06809137526
137375.17095927967
137392.3203527349
137409.46974619012
137426.61913964534
137443.92240766025
137461.1791501243
137478.43589258834
137495.78639691288
137513.1369012375
137530.48740556207
137547.23161054117
137563.9758155204
137580.72002049952
137597.3000885892
137613.88015667882
137630.4602247684
137647.04029285806
137663.29945868117
137679.55862450416
137695.81779032716
137712.07695615018
137728.33612197323
137744.45454880354
137760.5729756338
137776.62899971133
137792.6850237889
137808.7410478664
137824.7970719439
137841.15752032225
137857.10896929118
137873.06041826017
137889.0527098061
137905.37361729727
137921.6945247885
137938.01543227964
137954.33633977082
137971.1082801268
137988.41748831182
138005.7266964969
138023.03590468183
138040.65625497786
138058.2766052738
138075.89695556977
138093.25429206365
138110.61162855747
138127.96896505138
138145.35329591355
138162.73762677578
138180.54683424934
138198.22114453983
138215.8954548302
138233.56976512054
