100 4228.506076865919
300 6980.17672243931
500 8250.343802576714
700 9997.855770519865
900 11102.70477671995
1100 15776.971199700522
1300 12661.54923818455
1500 17613.404650686593
1700 16045.26874441911
1900 16925.74040909014
2100 18032.145789635775
2300 19268.285158066643
2500 22072.014616702483
2700 28721.828895996296
2900 22030.024575122898
3100 24689.12491893295
3300 22030.095508826536
3500 23832.763808447497
3700 26632.411784279284
3900 32427.18294934976
4100 30394.24402714378
4300 23925.622273039706
4500 31625.45733448084
4700 28591.715363627234
4900 26653.161530906982
5100 26910.49859019764
5300 29161.90054817135
5500 30539.398601154164
5700 34279.19475018579
5900 36528.50224412087
6100 32218.91065808623
6300 30870.034660744142
6500 34187.67011664616
6700 29884.120420432642
6900 35941.995721910454
7100 33956.86586457629
7300 44968.003476681006
7500 31231.25648581512
7700 40266.079860066326
7900 35932.86295362443
8100 45410.70450107983
8300 45076.0505402086
8500 47332.40348344479
8700 37312.20402067043
8900 43087.4419997343
9100 34587.920490735894
9300 45239.006188218176
9500 39619.77295808097
9700 36796.61223619608
9900 37879.65565917816
