100 3871.058813590143
300 5731.389098370635
500 7430.990467583612
700 9137.375051723171
900 10762.504986752576
1100 13993.743826649432
1300 11697.018541118154
1500 13340.683494975423
1700 14795.658359469671
1900 15603.687735292007
2100 16385.670635630777
2300 18214.50461063243
2500 19380.76769444813
2700 27502.392590538097
2900 21272.96324285186
3100 22370.246534477126
3300 17231.425810663168
3500 21620.43839648841
3700 24832.67820163469
3900 23207.302383241244
4100 28401.758509719686
4300 20978.31921335401
4500 29165.696187590016
4700 27793.564061890775
4900 24629.82919327588
5100 23875.50192698932
5300 24963.36887879941
5500 25550.807299349788
5700 29677.291547878256
5900 31292.34381911468
6100 29221.07487183644
6300 30987.060978029564
6500 31483.62338949492
6700 29981.3502981984
6900 33641.38848853508
7100 32033.647090326973
7300 37708.21762221077
7500 28799.993598611756
7700 32687.01089062627
7900 27562.964089525078
8100 37235.157366703694
8300 38452.54560689507
8500 42270.42061646514
8700 30832.86534482272
8900 34087.2816849858
9100 30868.322179003368
9300 36391.0478873406
9500 36750.11488354852
9700 39957.842778941864
9900 32518.89919827543
